,mean_fit_time,std_fit_time,mean_score_time,std_score_time,param_subsample,param_reg_lambda,param_reg_alpha,param_random_state,param_min_child_weight,param_max_depth,param_learning_rate,param_gamma,param_colsample_bytree,params,split0_test_score,split1_test_score,split2_test_score,split3_test_score,split4_test_score,split5_test_score,split6_test_score,split7_test_score,split8_test_score,split9_test_score,mean_test_score,std_test_score,rank_test_score
8,11.092865705490112,0.7082989866570821,0.11100897789001465,0.029592049346638213,0.8046023011505753,0.8571,0.464,42,4,46,0.0868,0.026606853426713355,0.8172086043021511,"{'subsample': 0.8046023011505753, 'reg_lambda': 0.8571, 'reg_alpha': 0.464, 'random_state': 42, 'min_child_weight': 4, 'max_depth': 46, 'learning_rate': 0.0868, 'gamma': 0.026606853426713355, 'colsample_bytree': 0.8172086043021511}",-0.12157422540316423,-0.11738464567608171,-0.11940060426911579,-0.15459332051229382,-0.15735434038211407,-0.10767721343390568,-0.12421698533180951,-0.1096903473129351,-0.1343887034044777,-0.1324131018351408,-0.12786934875610384,0.0161848647368482,1
65,16.06156976222992,0.9173010350375924,0.10594170093536377,0.026345249738746974,0.823511755877939,0.8571,0.464,42,2,48,0.11120000000000001,0.03397208604302151,0.9441720860430215,"{'subsample': 0.823511755877939, 'reg_lambda': 0.8571, 'reg_alpha': 0.464, 'random_state': 42, 'min_child_weight': 2, 'max_depth': 48, 'learning_rate': 0.11120000000000001, 'gamma': 0.03397208604302151, 'colsample_bytree': 0.9441720860430215}",-0.11467531977543907,-0.11221766734481989,-0.12946009145690807,-0.15218220886689812,-0.15540134139414707,-0.11322749427653496,-0.12944412259524404,-0.10728688376394696,-0.13296893570371776,-0.13630272362521462,-0.12831667888028706,0.015831430814014617,2
91,6.567542815208435,0.28705077391827755,0.11271886825561524,0.01196589277326293,0.562831415707854,0.8571,0.464,42,1,48,0.11420000000000001,0.011517108554277138,0.24947473736868436,"{'subsample': 0.562831415707854, 'reg_lambda': 0.8571, 'reg_alpha': 0.464, 'random_state': 42, 'min_child_weight': 1, 'max_depth': 48, 'learning_rate': 0.11420000000000001, 'gamma': 0.011517108554277138, 'colsample_bytree': 0.24947473736868436}",-0.1186041566413354,-0.11926169062008332,-0.11726804170604294,-0.16306161580538833,-0.1602991504581935,-0.11408676224718556,-0.12093185641452996,-0.1152430334150591,-0.131890289954028,-0.12717667254849618,-0.12878232698103423,0.017228858868756643,3
80,10.011400365829468,0.6350102821164549,0.11208281517028809,0.029940717219565118,0.8541270635317659,0.8571,0.464,42,1,53,0.11680000000000001,0.031876288144072035,0.34582291145572785,"{'subsample': 0.8541270635317659, 'reg_lambda': 0.8571, 'reg_alpha': 0.464, 'random_state': 42, 'min_child_weight': 1, 'max_depth': 53, 'learning_rate': 0.11680000000000001, 'gamma': 0.031876288144072035, 'colsample_bytree': 0.34582291145572785}",-0.12273926239554322,-0.11683385477398549,-0.11941182777512868,-0.16949200363292338,-0.15378721118936456,-0.11158557457448752,-0.13988665219026838,-0.1047216842191108,-0.11844392528494184,-0.1321706934166113,-0.12890726894523655,0.01914619861486089,4
66,6.078368306159973,0.4672568663522101,0.11206061840057373,0.014234707394262004,0.5808404202101051,0.8571,0.464,42,1,51,0.08090000000000001,0.003992196098049025,0.287743871935968,"{'subsample': 0.5808404202101051, 'reg_lambda': 0.8571, 'reg_alpha': 0.464, 'random_state': 42, 'min_child_weight': 1, 'max_depth': 51, 'learning_rate': 0.08090000000000001, 'gamma': 0.003992196098049025, 'colsample_bytree': 0.287743871935968}",-0.11939770527994754,-0.11894300719709128,-0.12054542515911083,-0.1599400292962972,-0.16533916742184884,-0.11645975695703213,-0.12361209631500529,-0.10746114520341128,-0.12077569667150312,-0.13711909927712487,-0.12895931287783724,0.018238419221997947,5
5,16.469685196876526,1.7096870657525358,0.12858667373657226,0.02342397360057463,0.8217108554277138,0.8571,0.464,42,2,52,0.08950000000000001,0.035509004502251126,0.9716358179089545,"{'subsample': 0.8217108554277138, 'reg_lambda': 0.8571, 'reg_alpha': 0.464, 'random_state': 42, 'min_child_weight': 2, 'max_depth': 52, 'learning_rate': 0.08950000000000001, 'gamma': 0.035509004502251126, 'colsample_bytree': 0.9716358179089545}",-0.11755165666742534,-0.11784795398806683,-0.12352996925420286,-0.1620978447643384,-0.15931933851858185,-0.10801240132039265,-0.13476073267169406,-0.11083438021414921,-0.1295236490186484,-0.12615152017979256,-0.12896294465972918,0.017641181774401788,6
78,9.417020559310913,0.8096620035802657,0.11182074546813965,0.026453443372551795,0.7276138069034518,0.8571,0.464,42,4,51,0.11460000000000001,0.02886233116558279,0.5902951475737869,"{'subsample': 0.7276138069034518, 'reg_lambda': 0.8571, 'reg_alpha': 0.464, 'random_state': 42, 'min_child_weight': 4, 'max_depth': 51, 'learning_rate': 0.11460000000000001, 'gamma': 0.02886233116558279, 'colsample_bytree': 0.5902951475737869}",-0.12511035380483226,-0.12203558845519547,-0.12091569279829834,-0.1580125410546568,-0.15341778377971668,-0.10863134182210664,-0.1296510821325523,-0.11116425343935164,-0.13444099262652293,-0.12757835407325635,-0.12909579839864893,0.015270552726209861,7
13,4.444615817070007,0.3686279398455968,0.11714444160461426,0.02269186142393425,0.8901450725362682,0.8571,0.464,42,6,44,0.08950000000000001,0.035349324662331164,0.20220110055027515,"{'subsample': 0.8901450725362682, 'reg_lambda': 0.8571, 'reg_alpha': 0.464, 'random_state': 42, 'min_child_weight': 6, 'max_depth': 44, 'learning_rate': 0.08950000000000001, 'gamma': 0.035349324662331164, 'colsample_bytree': 0.20220110055027515}",-0.12126541065960038,-0.12159102076435827,-0.11886104418438384,-0.15655928153095047,-0.1568374607716633,-0.11125785761648598,-0.12704918107806967,-0.11078820575022814,-0.13892807525904172,-0.13412669274512348,-0.12972642303599052,0.01588012910692127,8
47,11.305678462982177,0.8137933191360187,0.1248159646987915,0.019166219074887286,0.6168584292146073,0.8571,0.464,42,2,54,0.1277,0.03109784892446223,0.5844422211105553,"{'subsample': 0.6168584292146073, 'reg_lambda': 0.8571, 'reg_alpha': 0.464, 'random_state': 42, 'min_child_weight': 2, 'max_depth': 54, 'learning_rate': 0.1277, 'gamma': 0.03109784892446223, 'colsample_bytree': 0.5844422211105553}",-0.12743356518734983,-0.12102250971571966,-0.12152194743685656,-0.1534660157154543,-0.15899451388681612,-0.10280336258354475,-0.12977103025110412,-0.11558075552208276,-0.1323722606724526,-0.13457094150341542,-0.12975369024747962,0.015886892682371555,9
19,9.78833212852478,0.5268435776596373,0.11746871471405029,0.01760426390573768,0.9576788394197099,0.8571,0.464,42,8,47,0.1034,0.029401250625312653,0.7631815907953977,"{'subsample': 0.9576788394197099, 'reg_lambda': 0.8571, 'reg_alpha': 0.464, 'random_state': 42, 'min_child_weight': 8, 'max_depth': 47, 'learning_rate': 0.1034, 'gamma': 0.029401250625312653, 'colsample_bytree': 0.7631815907953977}",-0.13346200218045481,-0.11642391016771626,-0.12026819536295369,-0.1601207580740353,-0.15861275663645857,-0.10549799312899173,-0.1273048915718472,-0.11175497919621696,-0.13415311566057675,-0.13107851512748625,-0.12986771171067374,0.017250167830921075,10
57,8.722846603393554,0.659986502822909,0.11518974304199218,0.02363616353761154,0.8190095047523762,0.8571,0.464,42,8,58,0.1227,0.02886233116558279,0.6209104552276138,"{'subsample': 0.8190095047523762, 'reg_lambda': 0.8571, 'reg_alpha': 0.464, 'random_state': 42, 'min_child_weight': 8, 'max_depth': 58, 'learning_rate': 0.1227, 'gamma': 0.02886233116558279, 'colsample_bytree': 0.6209104552276138}",-0.12674773926127317,-0.11974546437296874,-0.11785159153660536,-0.16339922657140946,-0.15280688516422708,-0.10718709777324423,-0.13364311275336857,-0.10585487914481448,-0.14189498180203713,-0.1305167236930344,-0.1299647702072983,0.01776910717850047,11
96,7.336712718009949,0.3181549512805471,0.11047050952911378,0.015023402691913722,0.8590795397698849,0.8571,0.464,42,4,48,0.15009999999999998,0.01580850425212606,0.34807403701850925,"{'subsample': 0.8590795397698849, 'reg_lambda': 0.8571, 'reg_alpha': 0.464, 'random_state': 42, 'min_child_weight': 4, 'max_depth': 48, 'learning_rate': 0.15009999999999998, 'gamma': 0.01580850425212606, 'colsample_bytree': 0.34807403701850925}",-0.12086183923849025,-0.12047781220821424,-0.12324264920638785,-0.16094540588305675,-0.15698269976307236,-0.1125328029051185,-0.12265111550418871,-0.11885186787166578,-0.13912658891466348,-0.12433715545608802,-0.1300009936950946,0.01582490573517224,12
63,9.748430466651916,0.2728423741731968,0.12032461166381836,0.024982586811202516,0.7019509754877439,0.8571,0.464,42,4,40,0.0826,0.021776538269134567,0.8194597298649324,"{'subsample': 0.7019509754877439, 'reg_lambda': 0.8571, 'reg_alpha': 0.464, 'random_state': 42, 'min_child_weight': 4, 'max_depth': 40, 'learning_rate': 0.0826, 'gamma': 0.021776538269134567, 'colsample_bytree': 0.8194597298649324}",-0.12072719183604859,-0.1190582480080456,-0.12649546278044851,-0.15575664466346428,-0.16100582604946162,-0.11390155322037583,-0.12857989145268064,-0.10789286251518718,-0.13197731580869326,-0.13506350798579608,-0.13004585043202016,0.016193161443754215,13
70,7.026532888412476,0.5550388554320477,0.12197675704956054,0.0241929953734426,0.6366683341670836,0.8571,0.464,42,6,55,0.12739999999999999,0.03956088044022011,0.41335667833916956,"{'subsample': 0.6366683341670836, 'reg_lambda': 0.8571, 'reg_alpha': 0.464, 'random_state': 42, 'min_child_weight': 6, 'max_depth': 55, 'learning_rate': 0.12739999999999999, 'gamma': 0.03956088044022011, 'colsample_bytree': 0.41335667833916956}",-0.1250069412601834,-0.1182516055234962,-0.11889678787238016,-0.16150522039517565,-0.16151159678519847,-0.11357711608675582,-0.12403334780887243,-0.11300727380770982,-0.1328025027847226,-0.1329557486273101,-0.13015481409518045,0.016977078569697247,14
88,9.16619701385498,1.1822421090898179,0.11411938667297364,0.02390518909527536,0.8271135567783892,0.8571,0.464,42,8,60,0.11620000000000001,0.036666683341670836,0.6146073036518259,"{'subsample': 0.8271135567783892, 'reg_lambda': 0.8571, 'reg_alpha': 0.464, 'random_state': 42, 'min_child_weight': 8, 'max_depth': 60, 'learning_rate': 0.11620000000000001, 'gamma': 0.036666683341670836, 'colsample_bytree': 0.6146073036518259}",-0.1308323135532637,-0.12418046783661214,-0.11907839508236487,-0.15653978926708198,-0.15615653506461183,-0.1105416328011924,-0.12977858554863667,-0.10788221247967159,-0.13850690239977198,-0.12891155785921324,-0.13024083918924206,0.015758209156295618,15
20,8.464192605018615,0.46105780583218486,0.12441372871398926,0.016105976098225408,0.7622811405702852,0.8571,0.464,42,4,52,0.0717,0.034590845422711354,0.711855927963982,"{'subsample': 0.7622811405702852, 'reg_lambda': 0.8571, 'reg_alpha': 0.464, 'random_state': 42, 'min_child_weight': 4, 'max_depth': 52, 'learning_rate': 0.0717, 'gamma': 0.034590845422711354, 'colsample_bytree': 0.711855927963982}",-0.12320233762131468,-0.12655531844863363,-0.12285004045788081,-0.15672143475070313,-0.16358069944610934,-0.11378813743907647,-0.12428487970673581,-0.10598014623185921,-0.1322141453297912,-0.13341600610617652,-0.13025931455382805,0.016850026635792284,16
76,9.689693069458007,0.33208585925142986,0.1045983076095581,0.022115525231769313,0.7987493746873436,0.8571,0.464,42,2,46,0.12060000000000001,0.008203751875937968,0.48719359679839924,"{'subsample': 0.7987493746873436, 'reg_lambda': 0.8571, 'reg_alpha': 0.464, 'random_state': 42, 'min_child_weight': 2, 'max_depth': 46, 'learning_rate': 0.12060000000000001, 'gamma': 0.008203751875937968, 'colsample_bytree': 0.48719359679839924}",-0.11648479486236582,-0.1210124186284819,-0.12280692407672346,-0.161581992792088,-0.16244975978267615,-0.11004058231590413,-0.1291693610618439,-0.1099724878758298,-0.1318173788711457,-0.1380672552242441,-0.1303402955491303,0.01798049478784514,17
85,12.66126091480255,0.5967543719988472,0.10456511974334717,0.015871684822427297,0.4534267133566784,0.8571,0.464,42,2,46,0.11320000000000001,0.023772536268134064,0.896448224112056,"{'subsample': 0.4534267133566784, 'reg_lambda': 0.8571, 'reg_alpha': 0.464, 'random_state': 42, 'min_child_weight': 2, 'max_depth': 46, 'learning_rate': 0.11320000000000001, 'gamma': 0.023772536268134064, 'colsample_bytree': 0.896448224112056}",-0.1253123267054264,-0.11304385425991417,-0.11821015861288653,-0.16313809954423716,-0.15610681816569424,-0.11432725637626492,-0.12677672416857733,-0.12276074375858306,-0.12930550324542195,-0.13631942621368906,-0.1305300911050695,0.01604438797110901,18
73,11.813802695274353,0.9633179431590104,0.10904603004455567,0.024198945572841583,0.8527763881940971,0.8571,0.464,42,8,47,0.1349,0.009640870435217608,0.9284142071035518,"{'subsample': 0.8527763881940971, 'reg_lambda': 0.8571, 'reg_alpha': 0.464, 'random_state': 42, 'min_child_weight': 8, 'max_depth': 47, 'learning_rate': 0.1349, 'gamma': 0.009640870435217608, 'colsample_bytree': 0.9284142071035518}",-0.12997259777666725,-0.11906365013883007,-0.124881669695996,-0.15874893561323586,-0.1572288259937817,-0.10893993037882405,-0.133175544256676,-0.10972545436572077,-0.13479473888441557,-0.12939237092780362,-0.13059237180319508,0.01611902470108077,19
48,11.515207505226135,0.8157489441327006,0.11949043273925782,0.03590315721624779,0.7883941970985493,0.8571,0.464,42,1,55,0.08660000000000001,0.009521110555277637,0.5254627313656829,"{'subsample': 0.7883941970985493, 'reg_lambda': 0.8571, 'reg_alpha': 0.464, 'random_state': 42, 'min_child_weight': 1, 'max_depth': 55, 'learning_rate': 0.08660000000000001, 'gamma': 0.009521110555277637, 'colsample_bytree': 0.5254627313656829}",-0.12539166188420778,-0.12047612502195931,-0.12274206128855272,-0.16312855882007352,-0.15568229886998702,-0.11512131195805754,-0.13647156642380068,-0.10814278731633982,-0.1232807106989604,-0.14002660355872482,-0.13104636858406635,0.01672551214609554,20
22,18.4770761013031,1.014251540642902,0.11502621173858643,0.019332671523121663,0.8352176088044022,0.8571,0.464,42,1,40,0.0892,0.014930265132566282,0.932016008004002,"{'subsample': 0.8352176088044022, 'reg_lambda': 0.8571, 'reg_alpha': 0.464, 'random_state': 42, 'min_child_weight': 1, 'max_depth': 40, 'learning_rate': 0.0892, 'gamma': 0.014930265132566282, 'colsample_bytree': 0.932016008004002}",-0.12008049958737806,-0.11738195993742524,-0.1214033306718716,-0.16749845396653176,-0.1567893889109314,-0.1121672929161355,-0.14043173552505372,-0.11247473315249228,-0.12357819228094197,-0.14125311929500106,-0.13130587062437626,0.018275941585995208,21
71,8.6384037733078,0.6415713632246764,0.11399571895599366,0.03169947753334004,0.5542771385692846,0.8571,0.464,42,4,57,0.0757,0.018682741370685343,0.7820910455227614,"{'subsample': 0.5542771385692846, 'reg_lambda': 0.8571, 'reg_alpha': 0.464, 'random_state': 42, 'min_child_weight': 4, 'max_depth': 57, 'learning_rate': 0.0757, 'gamma': 0.018682741370685343, 'colsample_bytree': 0.7820910455227614}",-0.12367949878593874,-0.12459673923589704,-0.12021906242444647,-0.16051520098229616,-0.16171500927537744,-0.11262536060286028,-0.13074036285946253,-0.10772201864618734,-0.1396683164520196,-0.13253737820707,-0.13140189474715555,0.017265069457063135,22
61,4.130764722824097,0.3477490309279867,0.12191107273101806,0.03730879968089959,0.6465732866433217,0.8571,0.464,42,8,54,0.10880000000000001,0.03526948474237119,0.18734367183591796,"{'subsample': 0.6465732866433217, 'reg_lambda': 0.8571, 'reg_alpha': 0.464, 'random_state': 42, 'min_child_weight': 8, 'max_depth': 54, 'learning_rate': 0.10880000000000001, 'gamma': 0.03526948474237119, 'colsample_bytree': 0.18734367183591796}",-0.12146244831008235,-0.11212048097596569,-0.11877908302568105,-0.17043089928812363,-0.15851828947664115,-0.12057779584179244,-0.12855888429570358,-0.1138932272268116,-0.14553013901569475,-0.1250633090437458,-0.13149345565002418,0.01886785979265001,23
45,4.687954521179199,0.21679850680997897,0.10955045223236085,0.017516189494026255,0.8001000500250125,0.8571,0.464,42,2,58,0.0819,0.0022157578789394694,0.19049524762381193,"{'subsample': 0.8001000500250125, 'reg_lambda': 0.8571, 'reg_alpha': 0.464, 'random_state': 42, 'min_child_weight': 2, 'max_depth': 58, 'learning_rate': 0.0819, 'gamma': 0.0022157578789394694, 'colsample_bytree': 0.19049524762381193}",-0.11632524733349192,-0.12513323766025106,-0.12374969430726163,-0.1624783040454093,-0.16079315807747824,-0.11168881628115508,-0.1308677354249295,-0.10667882496343628,-0.13921462331839135,-0.13821697695482085,-0.13151466183666252,0.018061630554536186,24
74,12.837773561477661,0.4631114032432594,0.1134680986404419,0.015421897224888539,0.8055027513756878,0.8571,0.464,42,2,45,0.14379999999999998,0.011896348174087043,0.5943471735867935,"{'subsample': 0.8055027513756878, 'reg_lambda': 0.8571, 'reg_alpha': 0.464, 'random_state': 42, 'min_child_weight': 2, 'max_depth': 45, 'learning_rate': 0.14379999999999998, 'gamma': 0.011896348174087043, 'colsample_bytree': 0.5943471735867935}",-0.12528060253229437,-0.1181783266775367,-0.12265058606556956,-0.16733488112491776,-0.15744600629092345,-0.10810821988985116,-0.13529094400424227,-0.11283449777874295,-0.13120434489306998,-0.1381334427360704,-0.13164618519932186,0.017904239272660626,25
24,8.671491432189942,0.3485416417562915,0.1174973726272583,0.03137303221935697,0.5070035017508755,0.8571,0.464,42,2,46,0.067,0.03750500250125063,0.7114057028514257,"{'subsample': 0.5070035017508755, 'reg_lambda': 0.8571, 'reg_alpha': 0.464, 'random_state': 42, 'min_child_weight': 2, 'max_depth': 46, 'learning_rate': 0.067, 'gamma': 0.03750500250125063, 'colsample_bytree': 0.7114057028514257}",-0.11652412947236497,-0.12739504975071447,-0.1229164520644459,-0.15787483329471383,-0.158166606608521,-0.11849831894136838,-0.12990934468065102,-0.11548607144363975,-0.13749566000654093,-0.1322294671282544,-0.13164959333912146,0.014784520388388728,26
81,15.518461227416992,0.8786497825637719,0.11625258922576905,0.020864440409567003,0.784792396198099,0.8571,0.464,42,2,52,0.1351,0.003133916958479239,0.888344172086043,"{'subsample': 0.784792396198099, 'reg_lambda': 0.8571, 'reg_alpha': 0.464, 'random_state': 42, 'min_child_weight': 2, 'max_depth': 52, 'learning_rate': 0.1351, 'gamma': 0.003133916958479239, 'colsample_bytree': 0.888344172086043}",-0.1288491790318065,-0.12546578819428186,-0.12350109453092968,-0.15946768785148852,-0.15774284710061598,-0.10544016224778376,-0.12984098064728386,-0.11649802881914202,-0.13364860001220788,-0.13920689468030747,-0.13196612631158475,0.015959530816310116,27
32,4.350226044654846,0.2787260967728628,0.11742212772369384,0.02303774465925966,0.5479739869934968,0.8571,0.464,42,4,48,0.08650000000000001,0.005489194597298649,0.2517258629314657,"{'subsample': 0.5479739869934968, 'reg_lambda': 0.8571, 'reg_alpha': 0.464, 'random_state': 42, 'min_child_weight': 4, 'max_depth': 48, 'learning_rate': 0.08650000000000001, 'gamma': 0.005489194597298649, 'colsample_bytree': 0.2517258629314657}",-0.12117600933464369,-0.11998991494265386,-0.12344711247787346,-0.16383069869086017,-0.16398983142736162,-0.10895934945860453,-0.1329142301474753,-0.11597257931829812,-0.14087267657039373,-0.13149848408069711,-0.13226508864488618,0.017994316579295407,28
79,10.637399697303772,0.39348871054958057,0.11117293834686279,0.015896143847226,0.9716358179089545,0.8571,0.464,42,4,51,0.1685,0.037025962981490745,0.5601300650325163,"{'subsample': 0.9716358179089545, 'reg_lambda': 0.8571, 'reg_alpha': 0.464, 'random_state': 42, 'min_child_weight': 4, 'max_depth': 51, 'learning_rate': 0.1685, 'gamma': 0.037025962981490745, 'colsample_bytree': 0.5601300650325163}",-0.12330936945576262,-0.12195951173318527,-0.12133938630744434,-0.1627356349422496,-0.1598705165656487,-0.11113669838927122,-0.1277749821857923,-0.11723665734152215,-0.14089990191208326,-0.1391663687529126,-0.1325429027585872,0.016763454817878585,29
83,7.868580555915832,0.4192813363829685,0.10511260032653809,0.018028338647387503,0.4025512756378189,0.8571,0.464,42,2,42,0.10740000000000001,0.006068034017008504,0.5601300650325163,"{'subsample': 0.4025512756378189, 'reg_lambda': 0.8571, 'reg_alpha': 0.464, 'random_state': 42, 'min_child_weight': 2, 'max_depth': 42, 'learning_rate': 0.10740000000000001, 'gamma': 0.006068034017008504, 'colsample_bytree': 0.5601300650325163}",-0.1192982343758737,-0.1258063129879254,-0.1250005840086457,-0.16168094973859282,-0.16236843642084248,-0.11836372343732914,-0.13277362128653672,-0.11909690978275156,-0.12644411864761873,-0.13522038782349094,-0.13260532785096074,0.015628499300420533,30
11,7.03681104183197,0.6121638250082884,0.10786154270172119,0.014975836067080424,0.49934967483741877,0.8571,0.464,42,1,46,0.1362,0.03906188094047024,0.2652326163081541,"{'subsample': 0.49934967483741877, 'reg_lambda': 0.8571, 'reg_alpha': 0.464, 'random_state': 42, 'min_child_weight': 1, 'max_depth': 46, 'learning_rate': 0.1362, 'gamma': 0.03906188094047024, 'colsample_bytree': 0.2652326163081541}",-0.1228111813461766,-0.12006728304539875,-0.11860591636406288,-0.16323878018924695,-0.1626345385830799,-0.11536046862868027,-0.13408773081747297,-0.12260984002799434,-0.13232090172118743,-0.135142576478939,-0.13268792172022392,0.01641711323881443,31
95,12.991206860542297,0.569465531476209,0.11202864646911621,0.02253000528879256,0.9531765882941471,0.8571,0.464,42,6,51,0.1922,0.0026349174587293645,0.9779389694847423,"{'subsample': 0.9531765882941471, 'reg_lambda': 0.8571, 'reg_alpha': 0.464, 'random_state': 42, 'min_child_weight': 6, 'max_depth': 51, 'learning_rate': 0.1922, 'gamma': 0.0026349174587293645, 'colsample_bytree': 0.9779389694847423}",-0.127599755999055,-0.13206353778034347,-0.13098738251859676,-0.1724210541108233,-0.16005788065045704,-0.10219105985290981,-0.1307639656654577,-0.10627570808976237,-0.1259445509595035,-0.1386594940849533,-0.13269643897118621,0.020173013658108255,32
94,20.899634647369385,1.0539597080299776,0.09798157215118408,0.023420719466146857,0.8361180590295147,0.8571,0.464,42,1,51,0.17049999999999998,0.03672656328164082,0.8086543271635818,"{'subsample': 0.8361180590295147, 'reg_lambda': 0.8571, 'reg_alpha': 0.464, 'random_state': 42, 'min_child_weight': 1, 'max_depth': 51, 'learning_rate': 0.17049999999999998, 'gamma': 0.03672656328164082, 'colsample_bytree': 0.8086543271635818}",-0.11842443920124883,-0.11532277528250584,-0.12322501225509407,-0.1582193741661452,-0.15964296414238702,-0.11448270067534652,-0.1425592249446639,-0.11749806695778421,-0.1289128183009127,-0.14952996006624705,-0.13278173359923354,0.01711839162722763,33
77,9.688538694381714,0.539401085036191,0.10838322639465332,0.015009528483695207,0.8757378689344673,0.8571,0.464,42,8,46,0.0742,0.007105952976488244,0.9941470735367685,"{'subsample': 0.8757378689344673, 'reg_lambda': 0.8571, 'reg_alpha': 0.464, 'random_state': 42, 'min_child_weight': 8, 'max_depth': 46, 'learning_rate': 0.0742, 'gamma': 0.007105952976488244, 'colsample_bytree': 0.9941470735367685}",-0.1343561089834073,-0.12340708366786668,-0.12541977113555944,-0.16252128240186967,-0.1595563275852496,-0.11270412432581463,-0.12901005183588626,-0.10858689032959826,-0.13716044562357887,-0.13514449868527692,-0.13278665845741078,0.016653416496943952,34
1,9.611940908432008,0.604410756564616,0.10298924446105957,0.035316586980936975,0.4066033016508255,0.8571,0.464,42,4,49,0.1477,0.02810385192596298,0.8779889944972487,"{'subsample': 0.4066033016508255, 'reg_lambda': 0.8571, 'reg_alpha': 0.464, 'random_state': 42, 'min_child_weight': 4, 'max_depth': 49, 'learning_rate': 0.1477, 'gamma': 0.02810385192596298, 'colsample_bytree': 0.8779889944972487}",-0.13471263412859263,-0.12682965538068028,-0.11775862699665546,-0.14982010801505125,-0.155394848616518,-0.11008809440804167,-0.13532075211135805,-0.12115659662936915,-0.14402613044605364,-0.13550994565795543,-0.13306173923902756,0.013624227580677722,35
43,9.355572438240051,0.7045533143384515,0.10883653163909912,0.015736113338534866,0.5358179089544772,0.8571,0.464,42,6,41,0.1513,0.016626863431715856,0.7370685342671336,"{'subsample': 0.5358179089544772, 'reg_lambda': 0.8571, 'reg_alpha': 0.464, 'random_state': 42, 'min_child_weight': 6, 'max_depth': 41, 'learning_rate': 0.1513, 'gamma': 0.016626863431715856, 'colsample_bytree': 0.7370685342671336}",-0.13095533579404914,-0.1255192879634416,-0.12008559125147562,-0.15660102044082044,-0.16004022192867567,-0.10571248695021734,-0.13384251767722005,-0.12362108923558283,-0.1343572343561099,-0.1402557377016768,-0.13309905232992694,0.015500894484095792,36
86,8.192793583869934,0.8103558276075716,0.12080557346343994,0.014775007170536262,0.6704352176088044,0.8571,0.464,42,4,57,0.1872,0.00013991995997999,0.4331665832916458,"{'subsample': 0.6704352176088044, 'reg_lambda': 0.8571, 'reg_alpha': 0.464, 'random_state': 42, 'min_child_weight': 4, 'max_depth': 57, 'learning_rate': 0.1872, 'gamma': 0.00013991995997999, 'colsample_bytree': 0.4331665832916458}",-0.12416266199656481,-0.12053134831487734,-0.13112426021600743,-0.15988235458900216,-0.167872340236117,-0.11099286892182243,-0.11915643828058654,-0.1240005973761654,-0.1381916771891969,-0.13704757286906014,-0.13329621199894,0.01724885946665075,37
15,8.632975387573243,0.6427582664245179,0.11104683876037598,0.021701689497069594,0.4934967483741871,0.8571,0.464,42,6,42,0.1929,0.0244312156078039,0.6515257628814407,"{'subsample': 0.4934967483741871, 'reg_lambda': 0.8571, 'reg_alpha': 0.464, 'random_state': 42, 'min_child_weight': 6, 'max_depth': 42, 'learning_rate': 0.1929, 'gamma': 0.0244312156078039, 'colsample_bytree': 0.6515257628814407}",-0.13607437554630145,-0.11748811598746031,-0.12991668891095476,-0.15685767490188443,-0.1573202901025792,-0.11358900977684679,-0.12704482920478247,-0.13071392576545976,-0.13012920516449974,-0.13412333017553554,-0.13332574455363044,0.013587351746626798,38
84,4.548017883300782,0.20776000090611088,0.09546093940734864,0.01331421853372478,0.6996998499249625,0.8571,0.464,42,8,43,0.1504,0.03710580290145073,0.2094047023511756,"{'subsample': 0.6996998499249625, 'reg_lambda': 0.8571, 'reg_alpha': 0.464, 'random_state': 42, 'min_child_weight': 8, 'max_depth': 43, 'learning_rate': 0.1504, 'gamma': 0.03710580290145073, 'colsample_bytree': 0.2094047023511756}",-0.1246616619681577,-0.12242059291031024,-0.12593802308799726,-0.1655332585425093,-0.15871958209748657,-0.1059392612944507,-0.1272496390873952,-0.12408291222758101,-0.14360827029689105,-0.1355836215173783,-0.13337368230301572,0.017070184142324744,39
68,6.607850456237793,0.3524164276669693,0.11579651832580566,0.02277561109213029,0.8293646823411706,0.8571,0.464,42,4,57,0.1979,0.0026349174587293645,0.2674837418709355,"{'subsample': 0.8293646823411706, 'reg_lambda': 0.8571, 'reg_alpha': 0.464, 'random_state': 42, 'min_child_weight': 4, 'max_depth': 57, 'learning_rate': 0.1979, 'gamma': 0.0026349174587293645, 'colsample_bytree': 0.2674837418709355}",-0.1323961769005886,-0.11768437454640379,-0.12187295615098477,-0.1638934260302012,-0.16403585919595032,-0.11248981742497391,-0.1320194113646326,-0.11585141121638577,-0.13928303274910786,-0.13484109404758754,-0.13343675596268162,0.017415608599224325,40
29,19.242526841163635,0.8904182290931851,0.12114722728729248,0.02953649737517442,0.9540770385192596,0.8571,0.464,42,1,43,0.1039,0.011217708854427213,0.8464732366183092,"{'subsample': 0.9540770385192596, 'reg_lambda': 0.8571, 'reg_alpha': 0.464, 'random_state': 42, 'min_child_weight': 1, 'max_depth': 43, 'learning_rate': 0.1039, 'gamma': 0.011217708854427213, 'colsample_bytree': 0.8464732366183092}",-0.12924673209640422,-0.11861517654316626,-0.12503955945788095,-0.164783497968233,-0.161737465635577,-0.11532040112611266,-0.14170620986824478,-0.11117612177968113,-0.12375655634344711,-0.14353020471146616,-0.1334911925530213,0.017829675211737016,41
16,5.9754438400268555,0.6912216370939462,0.10229706764221191,0.030399777025629213,0.7226613306653327,0.8571,0.464,42,8,56,0.1668,0.02343321660830415,0.2998999499749875,"{'subsample': 0.7226613306653327, 'reg_lambda': 0.8571, 'reg_alpha': 0.464, 'random_state': 42, 'min_child_weight': 8, 'max_depth': 56, 'learning_rate': 0.1668, 'gamma': 0.02343321660830415, 'colsample_bytree': 0.2998999499749875}",-0.1310741089057974,-0.11211549941740616,-0.12116266912920041,-0.16583070373655454,-0.1591954466821972,-0.11251930126459941,-0.12718645137817972,-0.1219487366819032,-0.14713447163332632,-0.13964983923994312,-0.13378172280691075,0.017768876981817106,42
17,5.400704264640808,0.637082283801729,0.13845460414886473,0.017663613662904122,0.9437218609304653,0.8571,0.464,42,2,49,0.1912,0.03447108554277139,0.12611305652826413,"{'subsample': 0.9437218609304653, 'reg_lambda': 0.8571, 'reg_alpha': 0.464, 'random_state': 42, 'min_child_weight': 2, 'max_depth': 49, 'learning_rate': 0.1912, 'gamma': 0.03447108554277139, 'colsample_bytree': 0.12611305652826413}",-0.12401595350081294,-0.11048503149495703,-0.13867078900261381,-0.15846984413395493,-0.1632869843403413,-0.11756039810200793,-0.129091894166104,-0.12151070619251132,-0.14403265293829487,-0.13300293693846463,-0.13401271908100626,0.016379655176831952,43
72,7.7186904668807985,0.4536345262634542,0.1160043478012085,0.017262505686148316,0.27153576788394196,0.8571,0.464,42,2,56,0.1328,0.03906188094047024,0.6159579789894948,"{'subsample': 0.27153576788394196, 'reg_lambda': 0.8571, 'reg_alpha': 0.464, 'random_state': 42, 'min_child_weight': 2, 'max_depth': 56, 'learning_rate': 0.1328, 'gamma': 0.03906188094047024, 'colsample_bytree': 0.6159579789894948}",-0.1232804672454634,-0.12391666576682772,-0.12240634653573443,-0.16519404697347848,-0.1599080340943657,-0.12094986068735002,-0.13670954801641563,-0.11461216148930278,-0.13642651270173997,-0.14009223582897665,-0.13434958793396545,0.016095362258435993,44
27,9.812805008888244,1.06335217056995,0.10114250183105469,0.01619525834693985,0.35707853926963484,0.8571,0.464,42,2,40,0.1619,0.007345472736368184,0.6281140570285143,"{'subsample': 0.35707853926963484, 'reg_lambda': 0.8571, 'reg_alpha': 0.464, 'random_state': 42, 'min_child_weight': 2, 'max_depth': 40, 'learning_rate': 0.1619, 'gamma': 0.007345472736368184, 'colsample_bytree': 0.6281140570285143}",-0.1326282477201742,-0.12164143152388536,-0.12228854481664532,-0.16164452958331973,-0.15423537412685392,-0.11322154064388854,-0.13356559059983922,-0.12169689545437179,-0.14407129771301672,-0.1390082399908011,-0.13440016921727957,0.014743392083068303,45
49,4.965631699562072,0.24609725752969416,0.10724389553070068,0.021883566267568638,0.4822411205602801,0.8571,0.464,42,1,56,0.07210000000000001,0.011497148574287143,0.24587293646823413,"{'subsample': 0.4822411205602801, 'reg_lambda': 0.8571, 'reg_alpha': 0.464, 'random_state': 42, 'min_child_weight': 1, 'max_depth': 56, 'learning_rate': 0.07210000000000001, 'gamma': 0.011497148574287143, 'colsample_bytree': 0.24587293646823413}",-0.11956089864618859,-0.12734382373956965,-0.12656122598277214,-0.1708866995092268,-0.16540240274915757,-0.12144051625021371,-0.1340867517797894,-0.11218867440732462,-0.13471513373962016,-0.13785715206807997,-0.13500432788719427,0.018148420216738553,46
23,5.395434498786926,0.30678114184937716,0.12453856468200683,0.04670608291180556,0.3984992496248124,0.8571,0.464,42,2,44,0.1377,0.03708584292146073,0.21840920460230118,"{'subsample': 0.3984992496248124, 'reg_lambda': 0.8571, 'reg_alpha': 0.464, 'random_state': 42, 'min_child_weight': 2, 'max_depth': 44, 'learning_rate': 0.1377, 'gamma': 0.03708584292146073, 'colsample_bytree': 0.21840920460230118}",-0.12240793319381231,-0.12478242957781922,-0.12694034017148698,-0.16643693362413425,-0.172924527203418,-0.11846289384978714,-0.12586896867556618,-0.12571497276054155,-0.138821545866879,-0.13186368773921794,-0.13542242326626625,0.0179448799510772,47
38,20.68760347366333,1.2067916557040232,0.125870680809021,0.025382267550459227,0.9783891945972987,0.8571,0.464,42,1,56,0.1795,0.003792596298149074,0.7645322661330666,"{'subsample': 0.9783891945972987, 'reg_lambda': 0.8571, 'reg_alpha': 0.464, 'random_state': 42, 'min_child_weight': 1, 'max_depth': 56, 'learning_rate': 0.1795, 'gamma': 0.003792596298149074, 'colsample_bytree': 0.7645322661330666}",-0.1371815770558808,-0.12498500688472787,-0.12533293609221774,-0.16623659112966171,-0.16349850692552206,-0.11759184872133041,-0.13097427894975147,-0.10942499768760738,-0.1295962695472042,-0.15048947251389358,-0.13553114855077972,0.01796116585988243,48
67,4.496744394302368,0.276433562929716,0.12313811779022217,0.014463722957851782,0.19454727363681842,0.8571,0.464,42,4,51,0.1671,0.03966068034017008,0.4394697348674338,"{'subsample': 0.19454727363681842, 'reg_lambda': 0.8571, 'reg_alpha': 0.464, 'random_state': 42, 'min_child_weight': 4, 'max_depth': 51, 'learning_rate': 0.1671, 'gamma': 0.03966068034017008, 'colsample_bytree': 0.4394697348674338}",-0.12193922640596787,-0.12092449643014179,-0.1267577219041045,-0.1579048650701347,-0.16631389722484224,-0.12253289442233897,-0.1397519677083375,-0.11841465065054924,-0.14101375102028907,-0.14038501134476922,-0.13559384821814752,0.015673393002802884,49
98,8.484819412231445,1.1266811706895683,0.09097151756286621,0.04054122856840191,0.3629314657328665,0.8571,0.464,42,1,53,0.116,0.0043315157578789395,0.5146573286643322,"{'subsample': 0.3629314657328665, 'reg_lambda': 0.8571, 'reg_alpha': 0.464, 'random_state': 42, 'min_child_weight': 1, 'max_depth': 53, 'learning_rate': 0.116, 'gamma': 0.0043315157578789395, 'colsample_bytree': 0.5146573286643322}",-0.12637208778145276,-0.128569438763388,-0.14128845182388178,-0.16422339474163744,-0.17235048616374618,-0.11064602985451766,-0.1349504539352808,-0.11710158992606261,-0.13066496743222994,-0.13212714323736383,-0.13582940436595609,0.018270307406986323,50
82,10.977020835876464,0.502025511614921,0.11502478122711182,0.027039660754453146,0.4003001500750375,0.8571,0.464,42,1,43,0.1493,0.03265472736368184,0.5979489744872436,"{'subsample': 0.4003001500750375, 'reg_lambda': 0.8571, 'reg_alpha': 0.464, 'random_state': 42, 'min_child_weight': 1, 'max_depth': 43, 'learning_rate': 0.1493, 'gamma': 0.03265472736368184, 'colsample_bytree': 0.5979489744872436}",-0.11716654588545376,-0.12875837131968393,-0.12522625407527885,-0.17463563662530968,-0.1644448886165884,-0.11518188687766033,-0.13093776519608896,-0.12550607396500435,-0.1387544837207604,-0.13812267682540083,-0.13587345831072295,0.01845565830640031,51
55,7.834832167625427,0.5460489735526649,0.12572088241577148,0.022533109090119696,0.4345172586293147,0.8571,0.464,42,4,56,0.15589999999999998,0.005648874437218609,0.5560780390195098,"{'subsample': 0.4345172586293147, 'reg_lambda': 0.8571, 'reg_alpha': 0.464, 'random_state': 42, 'min_child_weight': 4, 'max_depth': 56, 'learning_rate': 0.15589999999999998, 'gamma': 0.005648874437218609, 'colsample_bytree': 0.5560780390195098}",-0.1263130452863506,-0.12128192762930129,-0.12198219405610386,-0.16016315325456632,-0.16376282196542227,-0.11983148464231579,-0.14141581401294606,-0.13311651069086228,-0.14507178753631356,-0.12915878754822976,-0.1362097526622412,0.01513048539906451,52
28,3.6926159858703613,0.373473764290477,0.10997223854064941,0.01991621610097211,0.41110555277638816,0.8571,0.464,42,6,41,0.0936,0.03491020510255128,0.20535267633816912,"{'subsample': 0.41110555277638816, 'reg_lambda': 0.8571, 'reg_alpha': 0.464, 'random_state': 42, 'min_child_weight': 6, 'max_depth': 41, 'learning_rate': 0.0936, 'gamma': 0.03491020510255128, 'colsample_bytree': 0.20535267633816912}",-0.11848379217016114,-0.12343452655683523,-0.1228849585432033,-0.168936800212628,-0.1642457144447497,-0.1227461437486838,-0.13573181583975,-0.12434045813768071,-0.15189714787116648,-0.1297664426589675,-0.13624678001838259,0.01766922537420325,53
89,4.375469708442688,0.44671828419242343,0.10409424304962159,0.02815146273672293,0.2607303651825913,0.8571,0.464,42,4,44,0.0941,0.01936138069034517,0.4205602801400701,"{'subsample': 0.2607303651825913, 'reg_lambda': 0.8571, 'reg_alpha': 0.464, 'random_state': 42, 'min_child_weight': 4, 'max_depth': 44, 'learning_rate': 0.0941, 'gamma': 0.01936138069034517, 'colsample_bytree': 0.4205602801400701}",-0.12820381449701249,-0.12481255053986617,-0.13235763280737783,-0.1586747534540666,-0.16138053898786725,-0.11897191179592465,-0.13479056039452023,-0.12484267367271862,-0.14635813391715324,-0.1356012794442216,-0.13659938495107288,0.013701402599928811,54
2,6.206590175628662,0.4022884005880118,0.11207792758941651,0.02225033835816712,0.2571285642821411,0.8571,0.464,42,6,47,0.11050000000000001,0.028123811905952974,0.7946973486743372,"{'subsample': 0.2571285642821411, 'reg_lambda': 0.8571, 'reg_alpha': 0.464, 'random_state': 42, 'min_child_weight': 6, 'max_depth': 47, 'learning_rate': 0.11050000000000001, 'gamma': 0.028123811905952974, 'colsample_bytree': 0.7946973486743372}",-0.13243008103830242,-0.12671381311602567,-0.12474904991889385,-0.1609967368953514,-0.15773203661521934,-0.12224777469610126,-0.14454603566316054,-0.12790743942392666,-0.14736866773023294,-0.12762497618010213,-0.1372316611277316,0.013544539263026446,55
34,2.723163104057312,0.193594546718187,0.10958869457244873,0.018806801202772422,0.41965982991495754,0.8571,0.464,42,8,55,0.11630000000000001,0.016267583791895947,0.1103551775887944,"{'subsample': 0.41965982991495754, 'reg_lambda': 0.8571, 'reg_alpha': 0.464, 'random_state': 42, 'min_child_weight': 8, 'max_depth': 55, 'learning_rate': 0.11630000000000001, 'gamma': 0.016267583791895947, 'colsample_bytree': 0.1103551775887944}",-0.12506633583720608,-0.12256469000447569,-0.13228626254271442,-0.1593697174250378,-0.15945690746750965,-0.1233754825956647,-0.1374224904757606,-0.129547214182636,-0.15686299667166578,-0.12918440425925148,-0.1375136501461922,0.014394653814840456,56
59,4.178352856636048,0.34361995870591094,0.10447885990142822,0.021117914423628693,0.2544272136068034,0.8571,0.464,42,2,44,0.0656,0.015030065032516257,0.4327163581790896,"{'subsample': 0.2544272136068034, 'reg_lambda': 0.8571, 'reg_alpha': 0.464, 'random_state': 42, 'min_child_weight': 2, 'max_depth': 44, 'learning_rate': 0.0656, 'gamma': 0.015030065032516257, 'colsample_bytree': 0.4327163581790896}",-0.12324517631856974,-0.1352702011330372,-0.12655457650310792,-0.15961486624126803,-0.16441618905706115,-0.1327499916525285,-0.13974999256388368,-0.12356988756993378,-0.15021622330440904,-0.13554241545817614,-0.13909295198019753,0.013796214804552093,57
33,4.356197190284729,0.3356308182818933,0.11253945827484131,0.016726022076010563,0.3633816908454227,0.8571,0.464,42,6,50,0.1471,0.03670660330165083,0.27378689344672336,"{'subsample': 0.3633816908454227, 'reg_lambda': 0.8571, 'reg_alpha': 0.464, 'random_state': 42, 'min_child_weight': 6, 'max_depth': 50, 'learning_rate': 0.1471, 'gamma': 0.03670660330165083, 'colsample_bytree': 0.27378689344672336}",-0.13212908313385097,-0.1224768522467786,-0.13385970934828473,-0.17566539374606255,-0.16580530683049133,-0.11779309314845467,-0.13375756219934354,-0.13701631111304785,-0.14107443367974487,-0.13442868725822982,-0.13940064327042892,0.017071227753001354,58
42,4.998590254783631,0.3307900461634652,0.08592660427093506,0.019477264636079246,0.3795897948974487,0.8571,0.464,42,6,46,0.06230000000000001,0.022694697348674336,0.6852926463231616,"{'subsample': 0.3795897948974487, 'reg_lambda': 0.8571, 'reg_alpha': 0.464, 'random_state': 42, 'min_child_weight': 6, 'max_depth': 46, 'learning_rate': 0.06230000000000001, 'gamma': 0.022694697348674336, 'colsample_bytree': 0.6852926463231616}",-0.12922840979035483,-0.13554403001752285,-0.1254013860345262,-0.16015527277138866,-0.16470771238228446,-0.1300842794130913,-0.14012200417428938,-0.12205162990352617,-0.1572688745993053,-0.13116615252776254,-0.13957297516140516,0.014699034673592229,59
41,3.7610689401626587,0.28928129940656694,0.1106189489364624,0.015560726326439697,0.21120560280140072,0.8571,0.464,42,6,46,0.1669,0.0029941970985492743,0.35752876438219117,"{'subsample': 0.21120560280140072, 'reg_lambda': 0.8571, 'reg_alpha': 0.464, 'random_state': 42, 'min_child_weight': 6, 'max_depth': 46, 'learning_rate': 0.1669, 'gamma': 0.0029941970985492743, 'colsample_bytree': 0.35752876438219117}",-0.123877592197396,-0.13482346312174207,-0.12247896114021682,-0.1658634077762503,-0.15840675994921727,-0.1258527575214304,-0.1495856344339348,-0.1332563779838944,-0.15349933238771596,-0.12949235219319796,-0.1397136638704996,0.014935756065429085,60
53,4.754507422447205,0.2297644129775209,0.1151418924331665,0.014426383089633718,0.19994997498749376,0.8571,0.464,42,2,51,0.1697,0.013173786893446723,0.3566283141570785,"{'subsample': 0.19994997498749376, 'reg_lambda': 0.8571, 'reg_alpha': 0.464, 'random_state': 42, 'min_child_weight': 2, 'max_depth': 51, 'learning_rate': 0.1697, 'gamma': 0.013173786893446723, 'colsample_bytree': 0.3566283141570785}",-0.13295057211331748,-0.1386299299171584,-0.12928431104143778,-0.16827463071355894,-0.16832353182108906,-0.12177785649419548,-0.14109386352976044,-0.12625927332802467,-0.14214643825230155,-0.1444067446065103,-0.1413147151817354,0.015155418727885301,61
7,8.265801286697387,0.6971738741919297,0.11037347316741944,0.026396981711682137,0.20625312656328165,0.8571,0.464,42,1,46,0.1455,0.010000150075037517,0.6978989494747374,"{'subsample': 0.20625312656328165, 'reg_lambda': 0.8571, 'reg_alpha': 0.464, 'random_state': 42, 'min_child_weight': 1, 'max_depth': 46, 'learning_rate': 0.1455, 'gamma': 0.010000150075037517, 'colsample_bytree': 0.6978989494747374}",-0.1380926669232683,-0.12331710443244129,-0.13795198508114048,-0.16146939900351318,-0.16521562114213592,-0.1308218033379233,-0.14128006947488583,-0.13842019436558026,-0.13827727905900447,-0.15238999955527854,-0.1427236122375172,0.012464296250229975,62
18,5.933303880691528,0.5418962725202631,0.12445580959320068,0.01930560540111802,0.2652326163081541,0.8571,0.464,42,2,60,0.1951,0.008602951475737869,0.3588794397198599,"{'subsample': 0.2652326163081541, 'reg_lambda': 0.8571, 'reg_alpha': 0.464, 'random_state': 42, 'min_child_weight': 2, 'max_depth': 60, 'learning_rate': 0.1951, 'gamma': 0.008602951475737869, 'colsample_bytree': 0.3588794397198599}",-0.1365882621986413,-0.14541328470921738,-0.13174749240536693,-0.1768579553585042,-0.16580232011511115,-0.13537472969762837,-0.14622363526148535,-0.13227340476298782,-0.1354199454391519,-0.1346560340449766,-0.1440357063993071,0.0146280850762813,63
21,4.2119241714477536,0.49922911808681014,0.09823148250579834,0.021909910580451785,0.12341170585292646,0.8571,0.464,42,8,52,0.10890000000000001,0.025489094547273636,0.9914457228614307,"{'subsample': 0.12341170585292646, 'reg_lambda': 0.8571, 'reg_alpha': 0.464, 'random_state': 42, 'min_child_weight': 8, 'max_depth': 52, 'learning_rate': 0.10890000000000001, 'gamma': 0.025489094547273636, 'colsample_bytree': 0.9914457228614307}",-0.13931931942264286,-0.13287395046751777,-0.13943292848953798,-0.1606997590023043,-0.1672719033136332,-0.12532838812920327,-0.1458734989901517,-0.13643505912168324,-0.15973566326479144,-0.14489523448946606,-0.1451865704690932,0.01276996394993857,64
99,2.736049437522888,0.16077329474119165,0.09961137771606446,0.05000410670697138,0.2301150575287644,0.8571,0.464,42,8,45,0.1945,0.007225712856428214,0.20670335167583792,"{'subsample': 0.2301150575287644, 'reg_lambda': 0.8571, 'reg_alpha': 0.464, 'random_state': 42, 'min_child_weight': 8, 'max_depth': 45, 'learning_rate': 0.1945, 'gamma': 0.007225712856428214, 'colsample_bytree': 0.20670335167583792}",-0.13310627660246233,-0.11583901359329721,-0.13860454248613566,-0.17863581742637508,-0.18048330657971465,-0.12475663979471117,-0.1474163001800541,-0.14803888276109076,-0.14809478207699245,-0.13947092648144616,-0.14544464879822797,0.01971343976323764,65
31,3.0337140798568725,0.12102192083986452,0.10961368083953857,0.014030215377655175,0.10855427713856929,0.8571,0.464,42,8,60,0.1283,0.0028744372186093044,0.6159579789894948,"{'subsample': 0.10855427713856929, 'reg_lambda': 0.8571, 'reg_alpha': 0.464, 'random_state': 42, 'min_child_weight': 8, 'max_depth': 60, 'learning_rate': 0.1283, 'gamma': 0.0028744372186093044, 'colsample_bytree': 0.6159579789894948}",-0.14568983783422593,-0.12958029013162337,-0.13685776249754766,-0.17052450936321217,-0.1675295035114543,-0.12607584288746082,-0.14714943132612476,-0.13522498563226146,-0.1577128102804507,-0.14070843232143887,-0.14570534057858,0.014480922606304809,66
50,2.3371468782424927,0.18867479011553842,0.09845249652862549,0.025754367223805714,0.12971485742871436,0.8571,0.464,42,6,52,0.09860000000000001,0.02263481740870435,0.2422711355677839,"{'subsample': 0.12971485742871436, 'reg_lambda': 0.8571, 'reg_alpha': 0.464, 'random_state': 42, 'min_child_weight': 6, 'max_depth': 52, 'learning_rate': 0.09860000000000001, 'gamma': 0.02263481740870435, 'colsample_bytree': 0.2422711355677839}",-0.12995335798406132,-0.13045998908347844,-0.13121605106285902,-0.17764054852591574,-0.1684349465146291,-0.1287185633511258,-0.15391810839022088,-0.1344292148679482,-0.16344748047359578,-0.14413035618303258,-0.14623486164368665,0.017391345681823798,67
14,11.299864292144775,0.5295689008806966,0.1182133436203003,0.020328042420835555,0.24947473736868436,0.8571,0.464,42,1,60,0.1595,0.0038524762381190593,0.9459729864932467,"{'subsample': 0.24947473736868436, 'reg_lambda': 0.8571, 'reg_alpha': 0.464, 'random_state': 42, 'min_child_weight': 1, 'max_depth': 60, 'learning_rate': 0.1595, 'gamma': 0.0038524762381190593, 'colsample_bytree': 0.9459729864932467}",-0.12834029058171767,-0.13333778987227063,-0.14440587516802839,-0.18039618641880126,-0.16613266757061426,-0.12744197936952825,-0.141687100100601,-0.1357757736293737,-0.16460548719679155,-0.1418638222806374,-0.14639869721883642,0.0170069945759877,68
62,4.8084758758544925,0.23732581181008594,0.1124873161315918,0.03535446866120575,0.9482241120560281,0.8571,0.464,42,2,50,0.05360000000000001,0.03950100050025013,0.34807403701850925,"{'subsample': 0.9482241120560281, 'reg_lambda': 0.8571, 'reg_alpha': 0.464, 'random_state': 42, 'min_child_weight': 2, 'max_depth': 50, 'learning_rate': 0.05360000000000001, 'gamma': 0.03950100050025013, 'colsample_bytree': 0.34807403701850925}",-0.13157313127004713,-0.14678877285803427,-0.14031874039820158,-0.168865029425324,-0.17450940521197134,-0.14645003393394307,-0.14421433755819102,-0.12449378325849135,-0.1522958309521538,-0.13782999852101735,-0.14673390633873748,0.01464082605808846,69
3,9.248196148872376,0.5839576205152051,0.10884065628051758,0.03492471509477002,0.2157078539269635,0.8571,0.464,42,1,57,0.1947,0.013333466733366682,0.7348174087043522,"{'subsample': 0.2157078539269635, 'reg_lambda': 0.8571, 'reg_alpha': 0.464, 'random_state': 42, 'min_child_weight': 1, 'max_depth': 57, 'learning_rate': 0.1947, 'gamma': 0.013333466733366682, 'colsample_bytree': 0.7348174087043522}",-0.1470060972402164,-0.12595688134955857,-0.13568767982900776,-0.1809200673764836,-0.17610076103354266,-0.1347092002460069,-0.1520297791041351,-0.12887281354785854,-0.14287578833474904,-0.1476632773289287,-0.14718223453904872,0.017579195147739177,70
90,3.2612691640853884,0.27651926835060553,0.09807515144348145,0.010971723928669085,0.14097048524262132,0.8571,0.464,42,1,40,0.0695,0.010978189094547272,0.31295647823911954,"{'subsample': 0.14097048524262132, 'reg_lambda': 0.8571, 'reg_alpha': 0.464, 'random_state': 42, 'min_child_weight': 1, 'max_depth': 40, 'learning_rate': 0.0695, 'gamma': 0.010978189094547272, 'colsample_bytree': 0.31295647823911954}",-0.1257431366831581,-0.14143235830721276,-0.14689943294126742,-0.16054127768815954,-0.17187575363428284,-0.14036945961950287,-0.1467610612018488,-0.1286163250207552,-0.1675227803920363,-0.1502748925959803,-0.1480036478084204,0.014452852025311505,71
51,2.8393221616744997,0.20470688837988504,0.1058915138244629,0.017164263406328636,0.12161080540270136,0.8571,0.464,42,6,51,0.1528,0.005449274637318659,0.3701350675337669,"{'subsample': 0.12161080540270136, 'reg_lambda': 0.8571, 'reg_alpha': 0.464, 'random_state': 42, 'min_child_weight': 6, 'max_depth': 51, 'learning_rate': 0.1528, 'gamma': 0.005449274637318659, 'colsample_bytree': 0.3701350675337669}",-0.13967202536794696,-0.1362081898915919,-0.13320349467400044,-0.17586447168158892,-0.17813066544829556,-0.1300440649154471,-0.15122335812028462,-0.13815559684837864,-0.1619650622065082,-0.1443285141849138,-0.1488795443338956,0.016559314609401774,72
69,3.7407460689544676,0.4512904956664778,0.11026279926300049,0.013410498507085552,0.350775387693847,0.8571,0.464,42,4,44,0.05330000000000001,0.01852306153076538,0.46693346673336666,"{'subsample': 0.350775387693847, 'reg_lambda': 0.8571, 'reg_alpha': 0.464, 'random_state': 42, 'min_child_weight': 4, 'max_depth': 44, 'learning_rate': 0.05330000000000001, 'gamma': 0.01852306153076538, 'colsample_bytree': 0.46693346673336666}",-0.1417925205066045,-0.15574053265053692,-0.14680980285321152,-0.1720316515474664,-0.17812113085885212,-0.15146208274156892,-0.14803116770614647,-0.13450292645679085,-0.1748944959148373,-0.1377358839554519,-0.1541122195191467,0.014946236026809757,73
4,5.5742648363113405,0.8443128433328385,0.10888292789459228,0.013623806987533906,0.6249624812406203,0.8571,0.464,42,6,53,0.0512,0.02934137068534267,0.7339169584792397,"{'subsample': 0.6249624812406203, 'reg_lambda': 0.8571, 'reg_alpha': 0.464, 'random_state': 42, 'min_child_weight': 6, 'max_depth': 53, 'learning_rate': 0.0512, 'gamma': 0.02934137068534267, 'colsample_bytree': 0.7339169584792397}",-0.14665811461262482,-0.16361123320595994,-0.14469070275620638,-0.17424489265851426,-0.17793765987748533,-0.1506517720914803,-0.1436825506612876,-0.13179870425062568,-0.17132465025368235,-0.142559045983113,-0.15471593263509795,0.015007600084301848,74
9,3.6610390186309814,0.2507911776309935,0.10277600288391113,0.008657362919284858,0.2517258629314657,0.8571,0.464,42,6,41,0.049100000000000005,0.02566873436718359,0.9414707353676839,"{'subsample': 0.2517258629314657, 'reg_lambda': 0.8571, 'reg_alpha': 0.464, 'random_state': 42, 'min_child_weight': 6, 'max_depth': 41, 'learning_rate': 0.049100000000000005, 'gamma': 0.02566873436718359, 'colsample_bytree': 0.9414707353676839}",-0.16454518364689955,-0.17716579252062575,-0.16696689518162067,-0.19343474353366752,-0.19629878161547115,-0.17381175805823518,-0.16300360634170535,-0.14900863928958974,-0.19695367968523025,-0.14787480911527448,-0.17290638889883195,0.017224362547911314,75
0,4.150829172134399,0.53680084278496,0.10406258106231689,0.02610403090527244,0.5250125062531266,0.8571,0.464,42,8,47,0.045700000000000005,0.005249674837418709,0.8824912456228114,"{'subsample': 0.5250125062531266, 'reg_lambda': 0.8571, 'reg_alpha': 0.464, 'random_state': 42, 'min_child_weight': 8, 'max_depth': 47, 'learning_rate': 0.045700000000000005, 'gamma': 0.005249674837418709, 'colsample_bytree': 0.8824912456228114}",-0.17870249087075196,-0.19391881495703972,-0.17750056109085474,-0.20193130820597635,-0.20619452911062547,-0.19077127983667413,-0.17423749545735123,-0.162826655540557,-0.20870018395468298,-0.16928803135529288,-0.18640713503798065,0.01529994606113886,76
64,2.8400925397872925,0.1172915609306909,0.10954031944274903,0.01589943027171365,0.18824412206103053,0.8571,0.464,42,4,46,0.04750000000000001,0.03996008004002001,0.7559779889944973,"{'subsample': 0.18824412206103053, 'reg_lambda': 0.8571, 'reg_alpha': 0.464, 'random_state': 42, 'min_child_weight': 4, 'max_depth': 46, 'learning_rate': 0.04750000000000001, 'gamma': 0.03996008004002001, 'colsample_bytree': 0.7559779889944973}",-0.17371804144754655,-0.18938650375195493,-0.18008223163893694,-0.20019455013406773,-0.21340181005930323,-0.19029431735721705,-0.17393667922906877,-0.1655576553951581,-0.2133739170931352,-0.16550671332610356,-0.18654524194324923,0.017023122258973605,77
30,3.148384141921997,0.3401953254397759,0.09587287902832031,0.013432452083173197,0.1616808404202101,0.8571,0.464,42,4,43,0.047400000000000005,0.00532951475737869,0.9338169084542272,"{'subsample': 0.1616808404202101, 'reg_lambda': 0.8571, 'reg_alpha': 0.464, 'random_state': 42, 'min_child_weight': 4, 'max_depth': 43, 'learning_rate': 0.047400000000000005, 'gamma': 0.00532951475737869, 'colsample_bytree': 0.9338169084542272}",-0.1741695643273732,-0.19403983925691734,-0.18726368096766036,-0.20887935578390382,-0.2135829000045874,-0.19317527877544013,-0.17675584488077944,-0.16415377321865118,-0.2149358948631069,-0.16831826549167989,-0.18952743975700997,0.017692299158482888,78
87,6.824340009689331,0.5355855508598022,0.10303380489349365,0.01170453012665184,0.6789894947473737,0.8571,0.464,42,1,57,0.043000000000000003,0.005010155077538769,0.8473736868434217,"{'subsample': 0.6789894947473737, 'reg_lambda': 0.8571, 'reg_alpha': 0.464, 'random_state': 42, 'min_child_weight': 1, 'max_depth': 57, 'learning_rate': 0.043000000000000003, 'gamma': 0.005010155077538769, 'colsample_bytree': 0.8473736868434217}",-0.20199304997087472,-0.22473042301351823,-0.20678728359438203,-0.2300591856739951,-0.2291806897506885,-0.21878351324991988,-0.20500441274722098,-0.18944052592889143,-0.23594557219196893,-0.19128438717357715,-0.21332090432950368,0.015810277486866902,79
58,4.365016913414001,0.318279467202552,0.0993690013885498,0.019061616845863678,0.8892446223111556,0.8571,0.464,42,8,49,0.0396,0.022135817908954476,0.9900950475237619,"{'subsample': 0.8892446223111556, 'reg_lambda': 0.8571, 'reg_alpha': 0.464, 'random_state': 42, 'min_child_weight': 8, 'max_depth': 49, 'learning_rate': 0.0396, 'gamma': 0.022135817908954476, 'colsample_bytree': 0.9900950475237619}",-0.25207526861165963,-0.27206003142864554,-0.2551473988929679,-0.2702308512055225,-0.2732957221589016,-0.26905208792720947,-0.2367089086420642,-0.23668701824093916,-0.2806499838658822,-0.2322948031312865,-0.2578202074105078,0.016815573639054802,80
93,2.27177038192749,0.26479771092426063,0.09584343433380127,0.009280373998278671,0.1315157578789395,0.8571,0.464,42,8,54,0.039700000000000006,0.0028943971985992993,0.8748374187093547,"{'subsample': 0.1315157578789395, 'reg_lambda': 0.8571, 'reg_alpha': 0.464, 'random_state': 42, 'min_child_weight': 8, 'max_depth': 54, 'learning_rate': 0.039700000000000006, 'gamma': 0.0028943971985992993, 'colsample_bytree': 0.8748374187093547}",-0.273777408932693,-0.3013766433200039,-0.28986055647404546,-0.30502826806021244,-0.31279173723618126,-0.2910360779794811,-0.25867091217190075,-0.26247756783690435,-0.31570471119208937,-0.2573095000930535,-0.2868033383296565,0.02122549415909606,81
46,1.9919306993484498,0.11338037607393714,0.1051328182220459,0.013808052089606313,0.511055527763882,0.8571,0.464,42,2,52,0.038200000000000005,0.018283541770885443,0.19994997498749376,"{'subsample': 0.511055527763882, 'reg_lambda': 0.8571, 'reg_alpha': 0.464, 'random_state': 42, 'min_child_weight': 2, 'max_depth': 52, 'learning_rate': 0.038200000000000005, 'gamma': 0.018283541770885443, 'colsample_bytree': 0.19994997498749376}",-0.2823367293709748,-0.31544098045523,-0.2957041522197852,-0.30843244706056006,-0.31547265717138223,-0.30890118229842417,-0.271966949676255,-0.2693331286453133,-0.32603758156427237,-0.2680251953442055,-0.29616510038064026,0.020586883662397845,82
75,1.864116621017456,0.0878459266453466,0.09926633834838867,0.011972544569389442,0.6821410705352676,0.8571,0.464,42,4,49,0.037000000000000005,0.03373256628314157,0.16978489244622313,"{'subsample': 0.6821410705352676, 'reg_lambda': 0.8571, 'reg_alpha': 0.464, 'random_state': 42, 'min_child_weight': 4, 'max_depth': 49, 'learning_rate': 0.037000000000000005, 'gamma': 0.03373256628314157, 'colsample_bytree': 0.16978489244622313}",-0.30919991251004625,-0.3394101132095083,-0.32589602199862355,-0.33757614549755816,-0.3408101414260346,-0.3350794199818009,-0.2970064671186649,-0.2968103474190567,-0.3510902056647617,-0.2914668480653246,-0.32243456228913797,0.020701358644090687,83
36,2.1637784004211427,0.23829930060118015,0.10809516906738281,0.013190162193915549,0.15897948974487244,0.8571,0.464,42,8,47,0.036500000000000005,0.0356088044022011,0.8082041020510256,"{'subsample': 0.15897948974487244, 'reg_lambda': 0.8571, 'reg_alpha': 0.464, 'random_state': 42, 'min_child_weight': 8, 'max_depth': 47, 'learning_rate': 0.036500000000000005, 'gamma': 0.0356088044022011, 'colsample_bytree': 0.8082041020510256}",-0.33698586266631986,-0.372315792791643,-0.35981028315840136,-0.37113524988371,-0.38002506568475,-0.3653134469151624,-0.3278047129503157,-0.3274165195876431,-0.3850396271669293,-0.32232603281668865,-0.35481725936215636,0.022606453627984472,84
39,2.4968071460723875,0.10326443244717043,0.09684147834777831,0.01013301566107433,0.3566283141570785,0.8571,0.464,42,6,52,0.033800000000000004,0.009980190095047522,0.6344172086043022,"{'subsample': 0.3566283141570785, 'reg_lambda': 0.8571, 'reg_alpha': 0.464, 'random_state': 42, 'min_child_weight': 6, 'max_depth': 52, 'learning_rate': 0.033800000000000004, 'gamma': 0.009980190095047522, 'colsample_bytree': 0.6344172086043022}",-0.41249068922799914,-0.4400537892037497,-0.430833281902074,-0.43415153295964876,-0.44330650436269425,-0.4374518072449041,-0.39588830207716497,-0.39871366075178455,-0.45532183521251557,-0.39089936558349625,-0.42391107685260315,0.021447435215810565,85
97,3.978312301635742,0.7553370934258186,0.1082035779953003,0.016815125396867928,0.456128064032016,0.8571,0.464,42,1,49,0.0333,0.03724552276138069,0.8347673836918459,"{'subsample': 0.456128064032016, 'reg_lambda': 0.8571, 'reg_alpha': 0.464, 'random_state': 42, 'min_child_weight': 1, 'max_depth': 49, 'learning_rate': 0.0333, 'gamma': 0.03724552276138069, 'colsample_bytree': 0.8347673836918459}",-0.4243117114838943,-0.4555031914610064,-0.44104304696175667,-0.4484502705340428,-0.45348454480514994,-0.45443878233880947,-0.41350096833946015,-0.4126531771030501,-0.46914751296730633,-0.41146660986975425,-0.43839998158642307,0.020093422858994008,86
44,1.8926546573638916,0.10878579837760931,0.10120737552642822,0.014522805310775082,0.7865932966483242,0.8571,0.464,42,8,45,0.031700000000000006,0.017285542771385692,0.27018509254627315,"{'subsample': 0.7865932966483242, 'reg_lambda': 0.8571, 'reg_alpha': 0.464, 'random_state': 42, 'min_child_weight': 8, 'max_depth': 45, 'learning_rate': 0.031700000000000006, 'gamma': 0.017285542771385692, 'colsample_bytree': 0.27018509254627315}",-0.4929692077712908,-0.521976572333521,-0.5048109131637443,-0.5116607499017647,-0.5132591040073857,-0.5186617083356633,-0.474124689521862,-0.47303556114184997,-0.53136119333304,-0.4675536621555239,-0.5009413361665646,0.021539785853157193,87
56,1.6398420572280883,0.09354433622922963,0.09768829345703126,0.03131652429396384,0.5871435717858929,0.8571,0.464,42,6,56,0.031200000000000002,0.03610780390195098,0.19004502251125566,"{'subsample': 0.5871435717858929, 'reg_lambda': 0.8571, 'reg_alpha': 0.464, 'random_state': 42, 'min_child_weight': 6, 'max_depth': 56, 'learning_rate': 0.031200000000000002, 'gamma': 0.03610780390195098, 'colsample_bytree': 0.19004502251125566}",-0.5172217815519595,-0.5519127892660135,-0.5343426322800827,-0.5383567865388456,-0.5418726373367996,-0.5469653840970188,-0.5013215757848294,-0.49986328896499405,-0.561828261819548,-0.49636621369947337,-0.5290051351339564,0.022418690749479546,88
60,3.431490898132324,0.41358237226208017,0.1130143165588379,0.010447598177996386,0.5380690345172586,0.8571,0.464,42,4,56,0.0297,0.024810455227613805,0.9212106053026513,"{'subsample': 0.5380690345172586, 'reg_lambda': 0.8571, 'reg_alpha': 0.464, 'random_state': 42, 'min_child_weight': 4, 'max_depth': 56, 'learning_rate': 0.0297, 'gamma': 0.024810455227613805, 'colsample_bytree': 0.9212106053026513}",-0.5927046789509182,-0.6212323192847848,-0.6065052889221377,-0.6121172449029741,-0.6178765852942699,-0.6224442249078517,-0.576428009964406,-0.5793290925852637,-0.6357539774309612,-0.5720720668911764,-0.6036463489134744,0.02103515606402837,89
92,1.404241180419922,0.04480667725918608,0.10342705249786377,0.016561590632141066,0.5943471735867935,0.8571,0.464,42,6,45,0.0274,0.003772636318159079,0.1513256628314157,"{'subsample': 0.5943471735867935, 'reg_lambda': 0.8571, 'reg_alpha': 0.464, 'random_state': 42, 'min_child_weight': 6, 'max_depth': 45, 'learning_rate': 0.0274, 'gamma': 0.003772636318159079, 'colsample_bytree': 0.1513256628314157}",-0.7411260225158501,-0.7828643561557674,-0.761345431336716,-0.7642906285422422,-0.7668230457336017,-0.7734994141834717,-0.7259409734527342,-0.7244270305223545,-0.7939729281710847,-0.7226118771008774,-0.75569017077147,0.024330541245707108,90
26,1.596992588043213,0.15745639894260693,0.10096199512481689,0.013396756017234541,0.3327663831915958,0.8571,0.464,42,1,43,0.0271,0.03495012506253126,0.2193096548274137,"{'subsample': 0.3327663831915958, 'reg_lambda': 0.8571, 'reg_alpha': 0.464, 'random_state': 42, 'min_child_weight': 1, 'max_depth': 43, 'learning_rate': 0.0271, 'gamma': 0.03495012506253126, 'colsample_bytree': 0.2193096548274137}",-0.7685922949571714,-0.8108708440776797,-0.7946218900303809,-0.796422793645511,-0.8005802117765122,-0.7972575128925589,-0.7525692610525708,-0.7558381206218634,-0.8252492883988517,-0.7525433273753755,-0.7854545544828476,0.024755012858084863,91
35,3.0325143575668334,0.3756352592293727,0.11408145427703857,0.03743536811321761,0.9176088044022012,0.8571,0.464,42,8,57,0.0247,0.008123911955977989,0.6456728364182092,"{'subsample': 0.9176088044022012, 'reg_lambda': 0.8571, 'reg_alpha': 0.464, 'random_state': 42, 'min_child_weight': 8, 'max_depth': 57, 'learning_rate': 0.0247, 'gamma': 0.008123911955977989, 'colsample_bytree': 0.6456728364182092}",-0.9639889284150837,-0.9962201516588991,-0.9771288690117634,-0.9813306857164891,-0.9814303653475248,-0.996687185303535,-0.9430789966763196,-0.9446081578233734,-1.0037055947053997,-0.9373902969099579,-0.9725569231568347,0.02291126582503163,92
52,2.882567024230957,0.14541231476224933,0.1021949052810669,0.016952504649584383,0.6884442221110555,0.8571,0.464,42,2,53,0.0211,0.0021159579789894944,0.9495747873936968,"{'subsample': 0.6884442221110555, 'reg_lambda': 0.8571, 'reg_alpha': 0.464, 'random_state': 42, 'min_child_weight': 2, 'max_depth': 53, 'learning_rate': 0.0211, 'gamma': 0.0021159579789894944, 'colsample_bytree': 0.9495747873936968}",-1.3789874682891576,-1.418451038436361,-1.3989528507072206,-1.4011297190687184,-1.404296167313956,-1.4165671236283348,-1.3607384552995776,-1.3642794156770475,-1.4294809615731991,-1.3577706935356446,-1.393065389352922,0.024629756275920508,93
37,1.4121057748794557,0.06395918827820958,0.10336406230926513,0.010640420615879538,0.13286643321660832,0.8571,0.464,42,8,51,0.0213,0.03373256628314157,0.5088044022011006,"{'subsample': 0.13286643321660832, 'reg_lambda': 0.8571, 'reg_alpha': 0.464, 'random_state': 42, 'min_child_weight': 8, 'max_depth': 51, 'learning_rate': 0.0213, 'gamma': 0.03373256628314157, 'colsample_bytree': 0.5088044022011006}",-1.3772708904908662,-1.4348947173729438,-1.4070492643382373,-1.4099544143591198,-1.4133400232805151,-1.4113128415538818,-1.360036710620496,-1.3622252397702699,-1.437060653577279,-1.3652067093330709,-1.3978351464696679,0.027839125412055073,94
25,2.4676870584487913,0.22625176823449483,0.11378283500671386,0.012410096891801073,0.4277638819409705,0.8571,0.464,42,4,55,0.019,0.037405202601300654,0.9023011505752877,"{'subsample': 0.4277638819409705, 'reg_lambda': 0.8571, 'reg_alpha': 0.464, 'random_state': 42, 'min_child_weight': 4, 'max_depth': 55, 'learning_rate': 0.019, 'gamma': 0.037405202601300654, 'colsample_bytree': 0.9023011505752877}",-1.707936658982459,-1.7542725670617059,-1.7315987794312426,-1.7327354794227403,-1.736885306422648,-1.7413714034745513,-1.6872786391388834,-1.694086426516462,-1.7631443802015285,-1.6893878029584122,-1.7238697443610629,0.0259801911331738,95
40,1.8188836574554443,0.13651386560651688,0.1023644208908081,0.017246029117819986,0.7541770885442721,0.8571,0.464,42,2,56,0.0146,0.011117908954477238,0.5047523761880941,"{'subsample': 0.7541770885442721, 'reg_lambda': 0.8571, 'reg_alpha': 0.464, 'random_state': 42, 'min_child_weight': 2, 'max_depth': 56, 'learning_rate': 0.0146, 'gamma': 0.011117908954477238, 'colsample_bytree': 0.5047523761880941}",-2.65209546202029,-2.7048244253555556,-2.6767635765422986,-2.678967260952367,-2.677864933313144,-2.6919010793783493,-2.6319745041595684,-2.6397168525002717,-2.7105265145858053,-2.635153373877923,-2.669978798268557,0.027240913843026626,96
54,1.3925025939941407,0.11222733370904023,0.10611662864685059,0.01641362645032328,0.9644322161080541,0.8571,0.464,42,6,52,0.0114,0.009481190595297648,0.24137068534267134,"{'subsample': 0.9644322161080541, 'reg_lambda': 0.8571, 'reg_alpha': 0.464, 'random_state': 42, 'min_child_weight': 6, 'max_depth': 52, 'learning_rate': 0.0114, 'gamma': 0.009481190595297648, 'colsample_bytree': 0.24137068534267134}",-3.6590290336973004,-3.7174985654812507,-3.687592453760503,-3.6882532540499344,-3.68710481682945,-3.7005310538321092,-3.6435289261331665,-3.6471837886368252,-3.724371500381037,-3.6468171261660762,-3.6801910518967653,0.028143025960046017,97
10,1.6343970060348512,0.08238470128990251,0.08928985595703125,0.017461440546879325,0.33186593296648326,0.8571,0.464,42,6,42,0.0101,0.029401250625312653,0.7780390195097548,"{'subsample': 0.33186593296648326, 'reg_lambda': 0.8571, 'reg_alpha': 0.464, 'random_state': 42, 'min_child_weight': 6, 'max_depth': 42, 'learning_rate': 0.0101, 'gamma': 0.029401250625312653, 'colsample_bytree': 0.7780390195097548}",-4.177462990727974,-4.247872712571782,-4.208044106488216,-4.208143069753559,-4.211437175018983,-4.223991632030295,-4.164639323406296,-4.164372789992647,-4.2481084067107595,-4.173101080452175,-4.202717328715268,0.030200903078711865,98
12,1.9231185436248779,0.16090991528080076,0.10145847797393799,0.01648303717880069,0.9023011505752877,0.8571,0.464,42,6,41,0.005900000000000001,0.03447108554277139,0.888344172086043,"{'subsample': 0.9023011505752877, 'reg_lambda': 0.8571, 'reg_alpha': 0.464, 'random_state': 42, 'min_child_weight': 6, 'max_depth': 41, 'learning_rate': 0.005900000000000001, 'gamma': 0.03447108554277139, 'colsample_bytree': 0.888344172086043}",-6.36802907326698,-6.434636896964099,-6.39709533483603,-6.397573427483842,-6.3975784927892425,-6.412926451712952,-6.355275952684725,-6.3557922642608276,-6.435193786694376,-6.359750003910472,-6.391385168460355,0.029120805041060915,99
6,1.4095566034317017,0.06592408841823222,0.10656225681304932,0.010148889915263122,0.5749874937468734,0.8571,0.464,42,2,45,0.005,0.009620910455227612,0.48989494747373685,"{'subsample': 0.5749874937468734, 'reg_lambda': 0.8571, 'reg_alpha': 0.464, 'random_state': 42, 'min_child_weight': 2, 'max_depth': 45, 'learning_rate': 0.005, 'gamma': 0.009620910455227612, 'colsample_bytree': 0.48989494747373685}",-6.969222801060845,-7.044267090404576,-7.001245601828412,-7.000338187120694,-7.002055998963066,-7.018700195191832,-6.958739658561078,-6.956656703321615,-7.041438117506542,-6.967556036890814,-6.996022039084947,0.030748894826848318,100
